756 184 232.76
872	524  841.14
656   908   765.16
576		100   8.03
656	459  277.66
95  623   68.0
277		375  718.71
560  743    574.02
1 	 957 	 13.46
59	260    350.92
756  831		758.46
392   931   423.34
756 277 	 431.83
700  176		18.59
183  541    354.76
239  329		805.49
479	189    789.45
277  459 	 744.04
88    26   15.03
383	576 	 633.13
576	525  275.53
872 	 624  686.79
886    142 	 588.23
925	459 	 200.66
961    541	661.35
220	932 	 834.45
872   26	12.32
877   858   309.02
180		525 	 293.35
142  371	825.3
165 	 525		134.43
88	524    180.65
825	1	92.53
1    335	489.74
1		973 12.32
517 	 335  263.0
973 	 183 777.53
756   981    217.59
392		925 620.56
743  693	335.64
1 	 436    48.97
183	26 	 11.36
88 	 171  15.35
184  244		714.04
756    30    11.22
372	59 	 461.88
818	459  16.85
886   598  606.75
560   239		476.42
405		755	603.09
392 180 	 558.73
886 	 100	290.02
95	88    9.13
894 	 700    7.78
916 	 818	578.37
872 479    15.07
88 	 525    18.91
444		756		6.65
894  459	655.04
444		961    532.57
30  95  8.47
392   260		129.01
1 	 220 	 374.95
886 	 981	6.36
743    576   632.76
973		318  11.47
700 916  59.57
220 	 818   19.56
975 932	259.52
405    908 33.91
100  961    53.63
436  220 55.32
656  183  10.54
142		818  19.29
405 1  265.35
318    184	343.05
623	576	17.18
957  858 678.23
700  931   402.71
973  524  406.89
392   700		718.05
189    908 94.54
142	244		514.69
883 541 	 11.02
165  975	407.11
220 	 100		54.8
88    183    208.37
405    458	60.81
973  444  6.41
656 	 598	276.09
1 	 100	186.08
957	908 9.56
444  244 627.65
260	908  118.03
886 831  330.95
183	239 11.68
142 	 961	13.13
981   458  129.09
700    329		815.06
918	142   16.07
756 883   680.07
623 	 244  365.56
957 100  899.28
30 961 472.33
183 329   344.92
183	743 	 476.1
540 436	785.0
981   26		577.92
405	59    311.03
405  165		46.72
189 	 932    12.9
318	877	15.52
825 541		331.82
372  756		898.0
180  59   439.54
560 183   12.44
220   529    285.57
180  560   505.99
756   916	693.1
30		656  55.14
30    693   864.24
436 	 932  328.2
372 598  418.43
656	244   30.93
176 	 918 494.66
517  459   607.54
886		260	635.95
886 	 755  457.92
872 180	454.18
688		693   225.89
925  371 441.6
540 	 220	868.73
444   743  831.45
1   38 16.24
886    220		397.44
825 858		178.83
858 	 975	566.26
59 	 576	14.14
180  818   697.73
693	624 	 738.21
818 	 755		606.98
743	624    242.35
1 	 59 394.38
183    375		453.85
540	405    815.93
623 931		650.36
239   576 	 6.02
981 	 560    5.33
755 	 100	28.93
756   142   473.06
95 260 128.95
95    59	827.69
220   624 	 345.62
623 	 517 7.43
459		755	19.93
372   825 	 182.81
165   524		658.5
100 	 26  159.0
88		886    13.91
957    932	847.19
375    908 	 220.4
479	688    643.01
180	931   74.84
479	176  15.09
688   524    200.07
656    335 	 14.59
858  184	738.25
825   623   45.89
918 	 908	826.28
38  142	16.88
975  541 711.23
756  479   107.05
877    932 885.37
598    335	27.22
100 525    350.28
918 458		888.36
743	908   11.49
180		171		498.25
1   458	283.57
184  541 	 7.77
244 26 539.93
479    541 	 651.42
825		59   896.71
180 	 1		190.69
176   693  886.62
30   529 	 678.89
479  239 429.93
540	1   128.57
100    931    235.23
95  688    738.93
756 	 38    217.71
260 244	466.19
975	100		323.37
183		908  865.41
405   239   10.57
244	100		222.25
436  100   476.93
444		831	628.16
1    541	769.36
239		375	266.85
